lastAccountName: SebastianDJio
timestamps:
  login: 1524753351560
  logout: 1524753375465
ipAddress: 94.173.31.113
lastlocation:
  world: world
  x: 23.0
  y: 61.0
  z: 251.0
  yaw: 0.0
  pitch: 0.0
logoutlocation:
  world: hub
  x: 864.3248856647889
  y: 160.0
  z: 227.87841689204575
  yaw: -179.49286
  pitch: -1.0979674
