lastAccountName: Muzixs
timestamps:
  login: 1530047143429
  logout: 1530047238256
ipAddress: 108.249.163.89
lastlocation:
  world: world
  x: 23.0
  y: 61.0
  z: 251.0
  yaw: 0.0
  pitch: 0.0
logoutlocation:
  world: hub
  x: 865.5210031024534
  y: 163.0
  z: 246.9482448448766
  yaw: -120.76499
  pitch: -7.907286
