lastAccountName: Rkkk_
timestamps:
  login: 1543858517858
  logout: 1543858522853
ipAddress: 93.44.192.202
lastlocation:
  world: world
  x: 23.0
  y: 61.0
  z: 251.0
  yaw: 0.0
  pitch: 0.0
logoutlocation:
  world: hub
  x: 865.5415091061368
  y: 163.0
  z: 245.90236347738707
  yaw: -87.84288
  pitch: 38.802063
