spawns: 
  default: 
    world: hub
    x: 865.318831360929
    y: 163.0
    z: 247.46824634310371
    yaw: -179.49286
    pitch: -1.0979674
