version: 1
hub:
  spawn:
    x: 864.9831158564061
    y: 163.0
    z: 248.16645742705649
    pitch: -8.949361
    yaw: -266.94943
    world: hub
  mode: spawn
